0,433
0,430
0,426
0,424
0,423
33,97
33,96
33,94
0,561
0,439
0,537
68,35
11,12
11,16
11,24
8,12
8,13
8,10
8,11
8,2
8,3
0,318
39,6
39,5
39,3
39,2
39,1
37,2
35,15
35,14
35,13
35,12
35,11
35,10
35,5
35,3
35,1
35,0
34,12
34,11
34,10
34,9
34,8
34,7
34,6
34,5
34,4
34,3
34,2
34,1
34,0
33,200
33,199
33,198
33,197
33,196
33,195
33,194
33,193
33,192
33,191
33,190
33,189
33,188
33,187
33,186
33,185
33,184
33,183
33,182
33,181
33,180
33,179
33,178
33,177
33,176
33,175
33,174
33,173
33,172
33,171
33,170
33,169
33,168
33,167
33,166
33,165
33,164
33,163
33,162
33,161
33,160
33,151
33,149
33,110
33,109
33,108
33,107
33,106
33,105
33,104
33,103
33,102
33,101
33,100
33,99
33,98
33,95
33,5
33,4
33,3
33,2
33,1
33,0
32,3
32,1
31,8
31,7
31,6
31,5
31,3
31,2
31,1
30,4
30,3
30,1
29,3
29,1
28,5
28,4
28,1
25,9
25,5
25,1
20,3
20,2
20,1
19,3
19,2
19,1
18,3
18,1
14,6
14,5
14,3
14,1
13,3
13,1
12,3
12,2
12,1
11,26
11,25
11,13
11,11
11,7
11,6
11,4
11,3
11,2
11,1
10,296
10,248
10,218
10,183
10,179
10,176
10,175
10,164
10,3
10,2
10,1
9,7
9,6
9,5
9,4
9,3
9,2
9,1
8,18
8,17
8,15
8,14
8,9
8,1
8,4
2,3
2,2
2,1
0,0
68,34
